Chessboard_6_6 := [
[11,22,33,44,55,66]
[11,22,33,44,56,65]
[11,22,33,45,54,66]
[11,22,33,45,56,64]
[11,22,33,46,54,65]
[11,22,33,46,55,64]
[11,22,34,43,55,66]
[11,22,34,43,56,65]
[11,22,34,45,53,66]
[11,22,34,45,56,63]
[11,22,34,46,53,65]
[11,22,34,46,55,63]
[11,22,35,43,54,66]
[11,22,35,43,56,64]
[11,22,35,44,53,66]
[11,22,35,44,56,63]
[11,22,35,46,53,64]
[11,22,35,46,54,63]
[11,22,36,43,54,65]
[11,22,36,43,55,64]
[11,22,36,44,53,65]
[11,22,36,44,55,63]
[11,22,36,45,53,64]
[11,22,36,45,54,63]
[11,23,32,44,55,66]
[11,23,32,44,56,65]
[11,23,32,45,54,66]
[11,23,32,45,56,64]
[11,23,32,46,54,65]
[11,23,32,46,55,64]
[11,23,34,42,55,66]
[11,23,34,42,56,65]
[11,23,34,45,52,66]
[11,23,34,45,56,62]
[11,23,34,46,52,65]
[11,23,34,46,55,62]
[11,23,35,42,54,66]
[11,23,35,42,56,64]
[11,23,35,44,52,66]
[11,23,35,44,56,62]
[11,23,35,46,52,64]
[11,23,35,46,54,62]
[11,23,36,42,54,65]
[11,23,36,42,55,64]
[11,23,36,44,52,65]
[11,23,36,44,55,62]
[11,23,36,45,52,64]
[11,23,36,45,54,62]
[11,24,32,43,55,66]
[11,24,32,43,56,65]
[11,24,32,45,53,66]
[11,24,32,45,56,63]
[11,24,32,46,53,65]
[11,24,32,46,55,63]
[11,24,33,42,55,66]
[11,24,33,42,56,65]
[11,24,33,45,52,66]
[11,24,33,45,56,62]
[11,24,33,46,52,65]
[11,24,33,46,55,62]
[11,24,35,42,53,66]
[11,24,35,42,56,63]
[11,24,35,43,52,66]
[11,24,35,43,56,62]
[11,24,35,46,52,63]
[11,24,35,46,53,62]
[11,24,36,42,53,65]
[11,24,36,42,55,63]
[11,24,36,43,52,65]
[11,24,36,43,55,62]
[11,24,36,45,52,63]
[11,24,36,45,53,62]
[11,25,32,43,54,66]
[11,25,32,43,56,64]
[11,25,32,44,53,66]
[11,25,32,44,56,63]
[11,25,32,46,53,64]
[11,25,32,46,54,63]
[11,25,33,42,54,66]
[11,25,33,42,56,64]
[11,25,33,44,52,66]
[11,25,33,44,56,62]
[11,25,33,46,52,64]
[11,25,33,46,54,62]
[11,25,34,42,53,66]
[11,25,34,42,56,63]
[11,25,34,43,52,66]
[11,25,34,43,56,62]
[11,25,34,46,52,63]
[11,25,34,46,53,62]
[11,25,36,42,53,64]
[11,25,36,42,54,63]
[11,25,36,43,52,64]
[11,25,36,43,54,62]
[11,25,36,44,52,63]
[11,25,36,44,53,62]
[11,26,32,43,54,65]
[11,26,32,43,55,64]
[11,26,32,44,53,65]
[11,26,32,44,55,63]
[11,26,32,45,53,64]
[11,26,32,45,54,63]
[11,26,33,42,54,65]
[11,26,33,42,55,64]
[11,26,33,44,52,65]
[11,26,33,44,55,62]
[11,26,33,45,52,64]
[11,26,33,45,54,62]
[11,26,34,42,53,65]
[11,26,34,42,55,63]
[11,26,34,43,52,65]
[11,26,34,43,55,62]
[11,26,34,45,52,63]
[11,26,34,45,53,62]
[11,26,35,42,53,64]
[11,26,35,42,54,63]
[11,26,35,43,52,64]
[11,26,35,43,54,62]
[11,26,35,44,52,63]
[11,26,35,44,53,62]
[12,21,33,44,55,66]
[12,21,33,44,56,65]
[12,21,33,45,54,66]
[12,21,33,45,56,64]
[12,21,33,46,54,65]
[12,21,33,46,55,64]
[12,21,34,43,55,66]
[12,21,34,43,56,65]
[12,21,34,45,53,66]
[12,21,34,45,56,63]
[12,21,34,46,53,65]
[12,21,34,46,55,63]
[12,21,35,43,54,66]
[12,21,35,43,56,64]
[12,21,35,44,53,66]
[12,21,35,44,56,63]
[12,21,35,46,53,64]
[12,21,35,46,54,63]
[12,21,36,43,54,65]
[12,21,36,43,55,64]
[12,21,36,44,53,65]
[12,21,36,44,55,63]
[12,21,36,45,53,64]
[12,21,36,45,54,63]
[12,23,31,44,55,66]
[12,23,31,44,56,65]
[12,23,31,45,54,66]
[12,23,31,45,56,64]
[12,23,31,46,54,65]
[12,23,31,46,55,64]
[12,23,34,41,55,66]
[12,23,34,41,56,65]
[12,23,34,45,51,66]
[12,23,34,45,56,61]
[12,23,34,46,51,65]
[12,23,34,46,55,61]
[12,23,35,41,54,66]
[12,23,35,41,56,64]
[12,23,35,44,51,66]
[12,23,35,44,56,61]
[12,23,35,46,51,64]
[12,23,35,46,54,61]
[12,23,36,41,54,65]
[12,23,36,41,55,64]
[12,23,36,44,51,65]
[12,23,36,44,55,61]
[12,23,36,45,51,64]
[12,23,36,45,54,61]
[12,24,31,43,55,66]
[12,24,31,43,56,65]
[12,24,31,45,53,66]
[12,24,31,45,56,63]
[12,24,31,46,53,65]
[12,24,31,46,55,63]
[12,24,33,41,55,66]
[12,24,33,41,56,65]
[12,24,33,45,51,66]
[12,24,33,45,56,61]
[12,24,33,46,51,65]
[12,24,33,46,55,61]
[12,24,35,41,53,66]
[12,24,35,41,56,63]
[12,24,35,43,51,66]
[12,24,35,43,56,61]
[12,24,35,46,51,63]
[12,24,35,46,53,61]
[12,24,36,41,53,65]
[12,24,36,41,55,63]
[12,24,36,43,51,65]
[12,24,36,43,55,61]
[12,24,36,45,51,63]
[12,24,36,45,53,61]
[12,25,31,43,54,66]
[12,25,31,43,56,64]
[12,25,31,44,53,66]
[12,25,31,44,56,63]
[12,25,31,46,53,64]
[12,25,31,46,54,63]
[12,25,33,41,54,66]
[12,25,33,41,56,64]
[12,25,33,44,51,66]
[12,25,33,44,56,61]
[12,25,33,46,51,64]
[12,25,33,46,54,61]
[12,25,34,41,53,66]
[12,25,34,41,56,63]
[12,25,34,43,51,66]
[12,25,34,43,56,61]
[12,25,34,46,51,63]
[12,25,34,46,53,61]
[12,25,36,41,53,64]
[12,25,36,41,54,63]
[12,25,36,43,51,64]
[12,25,36,43,54,61]
[12,25,36,44,51,63]
[12,25,36,44,53,61]
[12,26,31,43,54,65]
[12,26,31,43,55,64]
[12,26,31,44,53,65]
[12,26,31,44,55,63]
[12,26,31,45,53,64]
[12,26,31,45,54,63]
[12,26,33,41,54,65]
[12,26,33,41,55,64]
[12,26,33,44,51,65]
[12,26,33,44,55,61]
[12,26,33,45,51,64]
[12,26,33,45,54,61]
[12,26,34,41,53,65]
[12,26,34,41,55,63]
[12,26,34,43,51,65]
[12,26,34,43,55,61]
[12,26,34,45,51,63]
[12,26,34,45,53,61]
[12,26,35,41,53,64]
[12,26,35,41,54,63]
[12,26,35,43,51,64]
[12,26,35,43,54,61]
[12,26,35,44,51,63]
[12,26,35,44,53,61]
[13,21,32,44,55,66]
[13,21,32,44,56,65]
[13,21,32,45,54,66]
[13,21,32,45,56,64]
[13,21,32,46,54,65]
[13,21,32,46,55,64]
[13,21,34,42,55,66]
[13,21,34,42,56,65]
[13,21,34,45,52,66]
[13,21,34,45,56,62]
[13,21,34,46,52,65]
[13,21,34,46,55,62]
[13,21,35,42,54,66]
[13,21,35,42,56,64]
[13,21,35,44,52,66]
[13,21,35,44,56,62]
[13,21,35,46,52,64]
[13,21,35,46,54,62]
[13,21,36,42,54,65]
[13,21,36,42,55,64]
[13,21,36,44,52,65]
[13,21,36,44,55,62]
[13,21,36,45,52,64]
[13,21,36,45,54,62]
[13,22,31,44,55,66]
[13,22,31,44,56,65]
[13,22,31,45,54,66]
[13,22,31,45,56,64]
[13,22,31,46,54,65]
[13,22,31,46,55,64]
[13,22,34,41,55,66]
[13,22,34,41,56,65]
[13,22,34,45,51,66]
[13,22,34,45,56,61]
[13,22,34,46,51,65]
[13,22,34,46,55,61]
[13,22,35,41,54,66]
[13,22,35,41,56,64]
[13,22,35,44,51,66]
[13,22,35,44,56,61]
[13,22,35,46,51,64]
[13,22,35,46,54,61]
[13,22,36,41,54,65]
[13,22,36,41,55,64]
[13,22,36,44,51,65]
[13,22,36,44,55,61]
[13,22,36,45,51,64]
[13,22,36,45,54,61]
[13,24,31,42,55,66]
[13,24,31,42,56,65]
[13,24,31,45,52,66]
[13,24,31,45,56,62]
[13,24,31,46,52,65]
[13,24,31,46,55,62]
[13,24,32,41,55,66]
[13,24,32,41,56,65]
[13,24,32,45,51,66]
[13,24,32,45,56,61]
[13,24,32,46,51,65]
[13,24,32,46,55,61]
[13,24,35,41,52,66]
[13,24,35,41,56,62]
[13,24,35,42,51,66]
[13,24,35,42,56,61]
[13,24,35,46,51,62]
[13,24,35,46,52,61]
[13,24,36,41,52,65]
[13,24,36,41,55,62]
[13,24,36,42,51,65]
[13,24,36,42,55,61]
[13,24,36,45,51,62]
[13,24,36,45,52,61]
[13,25,31,42,54,66]
[13,25,31,42,56,64]
[13,25,31,44,52,66]
[13,25,31,44,56,62]
[13,25,31,46,52,64]
[13,25,31,46,54,62]
[13,25,32,41,54,66]
[13,25,32,41,56,64]
[13,25,32,44,51,66]
[13,25,32,44,56,61]
[13,25,32,46,51,64]
[13,25,32,46,54,61]
[13,25,34,41,52,66]
[13,25,34,41,56,62]
[13,25,34,42,51,66]
[13,25,34,42,56,61]
[13,25,34,46,51,62]
[13,25,34,46,52,61]
[13,25,36,41,52,64]
[13,25,36,41,54,62]
[13,25,36,42,51,64]
[13,25,36,42,54,61]
[13,25,36,44,51,62]
[13,25,36,44,52,61]
[13,26,31,42,54,65]
[13,26,31,42,55,64]
[13,26,31,44,52,65]
[13,26,31,44,55,62]
[13,26,31,45,52,64]
[13,26,31,45,54,62]
[13,26,32,41,54,65]
[13,26,32,41,55,64]
[13,26,32,44,51,65]
[13,26,32,44,55,61]
[13,26,32,45,51,64]
[13,26,32,45,54,61]
[13,26,34,41,52,65]
[13,26,34,41,55,62]
[13,26,34,42,51,65]
[13,26,34,42,55,61]
[13,26,34,45,51,62]
[13,26,34,45,52,61]
[13,26,35,41,52,64]
[13,26,35,41,54,62]
[13,26,35,42,51,64]
[13,26,35,42,54,61]
[13,26,35,44,51,62]
[13,26,35,44,52,61]
[14,21,32,43,55,66]
[14,21,32,43,56,65]
[14,21,32,45,53,66]
[14,21,32,45,56,63]
[14,21,32,46,53,65]
[14,21,32,46,55,63]
[14,21,33,42,55,66]
[14,21,33,42,56,65]
[14,21,33,45,52,66]
[14,21,33,45,56,62]
[14,21,33,46,52,65]
[14,21,33,46,55,62]
[14,21,35,42,53,66]
[14,21,35,42,56,63]
[14,21,35,43,52,66]
[14,21,35,43,56,62]
[14,21,35,46,52,63]
[14,21,35,46,53,62]
[14,21,36,42,53,65]
[14,21,36,42,55,63]
[14,21,36,43,52,65]
[14,21,36,43,55,62]
[14,21,36,45,52,63]
[14,21,36,45,53,62]
[14,22,31,43,55,66]
[14,22,31,43,56,65]
[14,22,31,45,53,66]
[14,22,31,45,56,63]
[14,22,31,46,53,65]
[14,22,31,46,55,63]
[14,22,33,41,55,66]
[14,22,33,41,56,65]
[14,22,33,45,51,66]
[14,22,33,45,56,61]
[14,22,33,46,51,65]
[14,22,33,46,55,61]
[14,22,35,41,53,66]
[14,22,35,41,56,63]
[14,22,35,43,51,66]
[14,22,35,43,56,61]
[14,22,35,46,51,63]
[14,22,35,46,53,61]
[14,22,36,41,53,65]
[14,22,36,41,55,63]
[14,22,36,43,51,65]
[14,22,36,43,55,61]
[14,22,36,45,51,63]
[14,22,36,45,53,61]
[14,23,31,42,55,66]
[14,23,31,42,56,65]
[14,23,31,45,52,66]
[14,23,31,45,56,62]
[14,23,31,46,52,65]
[14,23,31,46,55,62]
[14,23,32,41,55,66]
[14,23,32,41,56,65]
[14,23,32,45,51,66]
[14,23,32,45,56,61]
[14,23,32,46,51,65]
[14,23,32,46,55,61]
[14,23,35,41,52,66]
[14,23,35,41,56,62]
[14,23,35,42,51,66]
[14,23,35,42,56,61]
[14,23,35,46,51,62]
[14,23,35,46,52,61]
[14,23,36,41,52,65]
[14,23,36,41,55,62]
[14,23,36,42,51,65]
[14,23,36,42,55,61]
[14,23,36,45,51,62]
[14,23,36,45,52,61]
[14,25,31,42,53,66]
[14,25,31,42,56,63]
[14,25,31,43,52,66]
[14,25,31,43,56,62]
[14,25,31,46,52,63]
[14,25,31,46,53,62]
[14,25,32,41,53,66]
[14,25,32,41,56,63]
[14,25,32,43,51,66]
[14,25,32,43,56,61]
[14,25,32,46,51,63]
[14,25,32,46,53,61]
[14,25,33,41,52,66]
[14,25,33,41,56,62]
[14,25,33,42,51,66]
[14,25,33,42,56,61]
[14,25,33,46,51,62]
[14,25,33,46,52,61]
[14,25,36,41,52,63]
[14,25,36,41,53,62]
[14,25,36,42,51,63]
[14,25,36,42,53,61]
[14,25,36,43,51,62]
[14,25,36,43,52,61]
[14,26,31,42,53,65]
[14,26,31,42,55,63]
[14,26,31,43,52,65]
[14,26,31,43,55,62]
[14,26,31,45,52,63]
[14,26,31,45,53,62]
[14,26,32,41,53,65]
[14,26,32,41,55,63]
[14,26,32,43,51,65]
[14,26,32,43,55,61]
[14,26,32,45,51,63]
[14,26,32,45,53,61]
[14,26,33,41,52,65]
[14,26,33,41,55,62]
[14,26,33,42,51,65]
[14,26,33,42,55,61]
[14,26,33,45,51,62]
[14,26,33,45,52,61]
[14,26,35,41,52,63]
[14,26,35,41,53,62]
[14,26,35,42,51,63]
[14,26,35,42,53,61]
[14,26,35,43,51,62]
[14,26,35,43,52,61]
[15,21,32,43,54,66]
[15,21,32,43,56,64]
[15,21,32,44,53,66]
[15,21,32,44,56,63]
[15,21,32,46,53,64]
[15,21,32,46,54,63]
[15,21,33,42,54,66]
[15,21,33,42,56,64]
[15,21,33,44,52,66]
[15,21,33,44,56,62]
[15,21,33,46,52,64]
[15,21,33,46,54,62]
[15,21,34,42,53,66]
[15,21,34,42,56,63]
[15,21,34,43,52,66]
[15,21,34,43,56,62]
[15,21,34,46,52,63]
[15,21,34,46,53,62]
[15,21,36,42,53,64]
[15,21,36,42,54,63]
[15,21,36,43,52,64]
[15,21,36,43,54,62]
[15,21,36,44,52,63]
[15,21,36,44,53,62]
[15,22,31,43,54,66]
[15,22,31,43,56,64]
[15,22,31,44,53,66]
[15,22,31,44,56,63]
[15,22,31,46,53,64]
[15,22,31,46,54,63]
[15,22,33,41,54,66]
[15,22,33,41,56,64]
[15,22,33,44,51,66]
[15,22,33,44,56,61]
[15,22,33,46,51,64]
[15,22,33,46,54,61]
[15,22,34,41,53,66]
[15,22,34,41,56,63]
[15,22,34,43,51,66]
[15,22,34,43,56,61]
[15,22,34,46,51,63]
[15,22,34,46,53,61]
[15,22,36,41,53,64]
[15,22,36,41,54,63]
[15,22,36,43,51,64]
[15,22,36,43,54,61]
[15,22,36,44,51,63]
[15,22,36,44,53,61]
[15,23,31,42,54,66]
[15,23,31,42,56,64]
[15,23,31,44,52,66]
[15,23,31,44,56,62]
[15,23,31,46,52,64]
[15,23,31,46,54,62]
[15,23,32,41,54,66]
[15,23,32,41,56,64]
[15,23,32,44,51,66]
[15,23,32,44,56,61]
[15,23,32,46,51,64]
[15,23,32,46,54,61]
[15,23,34,41,52,66]
[15,23,34,41,56,62]
[15,23,34,42,51,66]
[15,23,34,42,56,61]
[15,23,34,46,51,62]
[15,23,34,46,52,61]
[15,23,36,41,52,64]
[15,23,36,41,54,62]
[15,23,36,42,51,64]
[15,23,36,42,54,61]
[15,23,36,44,51,62]
[15,23,36,44,52,61]
[15,24,31,42,53,66]
[15,24,31,42,56,63]
[15,24,31,43,52,66]
[15,24,31,43,56,62]
[15,24,31,46,52,63]
[15,24,31,46,53,62]
[15,24,32,41,53,66]
[15,24,32,41,56,63]
[15,24,32,43,51,66]
[15,24,32,43,56,61]
[15,24,32,46,51,63]
[15,24,32,46,53,61]
[15,24,33,41,52,66]
[15,24,33,41,56,62]
[15,24,33,42,51,66]
[15,24,33,42,56,61]
[15,24,33,46,51,62]
[15,24,33,46,52,61]
[15,24,36,41,52,63]
[15,24,36,41,53,62]
[15,24,36,42,51,63]
[15,24,36,42,53,61]
[15,24,36,43,51,62]
[15,24,36,43,52,61]
[15,26,31,42,53,64]
[15,26,31,42,54,63]
[15,26,31,43,52,64]
[15,26,31,43,54,62]
[15,26,31,44,52,63]
[15,26,31,44,53,62]
[15,26,32,41,53,64]
[15,26,32,41,54,63]
[15,26,32,43,51,64]
[15,26,32,43,54,61]
[15,26,32,44,51,63]
[15,26,32,44,53,61]
[15,26,33,41,52,64]
[15,26,33,41,54,62]
[15,26,33,42,51,64]
[15,26,33,42,54,61]
[15,26,33,44,51,62]
[15,26,33,44,52,61]
[15,26,34,41,52,63]
[15,26,34,41,53,62]
[15,26,34,42,51,63]
[15,26,34,42,53,61]
[15,26,34,43,51,62]
[15,26,34,43,52,61]
[16,21,32,43,54,65]
[16,21,32,43,55,64]
[16,21,32,44,53,65]
[16,21,32,44,55,63]
[16,21,32,45,53,64]
[16,21,32,45,54,63]
[16,21,33,42,54,65]
[16,21,33,42,55,64]
[16,21,33,44,52,65]
[16,21,33,44,55,62]
[16,21,33,45,52,64]
[16,21,33,45,54,62]
[16,21,34,42,53,65]
[16,21,34,42,55,63]
[16,21,34,43,52,65]
[16,21,34,43,55,62]
[16,21,34,45,52,63]
[16,21,34,45,53,62]
[16,21,35,42,53,64]
[16,21,35,42,54,63]
[16,21,35,43,52,64]
[16,21,35,43,54,62]
[16,21,35,44,52,63]
[16,21,35,44,53,62]
[16,22,31,43,54,65]
[16,22,31,43,55,64]
[16,22,31,44,53,65]
[16,22,31,44,55,63]
[16,22,31,45,53,64]
[16,22,31,45,54,63]
[16,22,33,41,54,65]
[16,22,33,41,55,64]
[16,22,33,44,51,65]
[16,22,33,44,55,61]
[16,22,33,45,51,64]
[16,22,33,45,54,61]
[16,22,34,41,53,65]
[16,22,34,41,55,63]
[16,22,34,43,51,65]
[16,22,34,43,55,61]
[16,22,34,45,51,63]
[16,22,34,45,53,61]
[16,22,35,41,53,64]
[16,22,35,41,54,63]
[16,22,35,43,51,64]
[16,22,35,43,54,61]
[16,22,35,44,51,63]
[16,22,35,44,53,61]
[16,23,31,42,54,65]
[16,23,31,42,55,64]
[16,23,31,44,52,65]
[16,23,31,44,55,62]
[16,23,31,45,52,64]
[16,23,31,45,54,62]
[16,23,32,41,54,65]
[16,23,32,41,55,64]
[16,23,32,44,51,65]
[16,23,32,44,55,61]
[16,23,32,45,51,64]
[16,23,32,45,54,61]
[16,23,34,41,52,65]
[16,23,34,41,55,62]
[16,23,34,42,51,65]
[16,23,34,42,55,61]
[16,23,34,45,51,62]
[16,23,34,45,52,61]
[16,23,35,41,52,64]
[16,23,35,41,54,62]
[16,23,35,42,51,64]
[16,23,35,42,54,61]
[16,23,35,44,51,62]
[16,23,35,44,52,61]
[16,24,31,42,53,65]
[16,24,31,42,55,63]
[16,24,31,43,52,65]
[16,24,31,43,55,62]
[16,24,31,45,52,63]
[16,24,31,45,53,62]
[16,24,32,41,53,65]
[16,24,32,41,55,63]
[16,24,32,43,51,65]
[16,24,32,43,55,61]
[16,24,32,45,51,63]
[16,24,32,45,53,61]
[16,24,33,41,52,65]
[16,24,33,41,55,62]
[16,24,33,42,51,65]
[16,24,33,42,55,61]
[16,24,33,45,51,62]
[16,24,33,45,52,61]
[16,24,35,41,52,63]
[16,24,35,41,53,62]
[16,24,35,42,51,63]
[16,24,35,42,53,61]
[16,24,35,43,51,62]
[16,24,35,43,52,61]
[16,25,31,42,53,64]
[16,25,31,42,54,63]
[16,25,31,43,52,64]
[16,25,31,43,54,62]
[16,25,31,44,52,63]
[16,25,31,44,53,62]
[16,25,32,41,53,64]
[16,25,32,41,54,63]
[16,25,32,43,51,64]
[16,25,32,43,54,61]
[16,25,32,44,51,63]
[16,25,32,44,53,61]
[16,25,33,41,52,64]
[16,25,33,41,54,62]
[16,25,33,42,51,64]
[16,25,33,42,54,61]
[16,25,33,44,51,62]
[16,25,33,44,52,61]
[16,25,34,41,52,63]
[16,25,34,41,53,62]
[16,25,34,42,51,63]
[16,25,34,42,53,61]
[16,25,34,43,51,62]
[16,25,34,43,52,61]
];
